20
254 99
1 8 9 74990
59 26
14 19 681 59
977365070 59489
8 5 9 999966210
97 39
34 37 656 97
46 18
7 11 9 46
1000000000 100000
1 1 1 1000000000
1000000000 100000
1 1 0 2
1000000000 100000
999999999 1 999999999 1000000000
45068754 29153
2 9 5 999904402
98 59
6 30 524 98
1000000000 100000
99999 1 99999 100000
1000000000 1
12 7 74 12
640834505 28785
3 9 1 999946125
218492221 46085
3 7 1 999969453
177 73
7 7 5 56401
137 49
48 17 461 137
78 51
3 5 5 51230
110 53
7 7 1 64417
22 21
1 4 869 22
73 26
5 8 4 54214
